# Created by Octave 5.2.0, Mon May 18 00:34:03 2020 CDT <saulrivera@saulrivera.local>
# name: A
# type: matrix
# rows: 3
# columns: 2
 1 2
 3 4
 5 6


